1.0736,1.0444,4.1168,0.7278,2.0299,0.7242,0.4398,3.1953,0.2892,0.7119,1.8542,0.4812,0.2722,1.1278,0.8560
1.0385,1.0271,4.8245,0.7823,1.8846,0.7404,0.4566,3.0709,0.2569,0.6885,1.9222,0.3916,0.2325,1.1485,0.8309
1.0466,1.0283,3.9231,0.6786,1.9319,0.7520,0.4196,3.0350,0.3097,0.6998,1.7779,0.5256,0.2802,1.1006,0.9035
1.0103,1.0062,4.0399,0.7212,2.0707,0.8267,0.4282,3.3084,0.3290,0.7081,1.9057,0.5462,0.2800,1.1854,0.8069
1.0243,1.0162,5.0002,0.8368,2.0705,0.8562,0.4640,3.4232,0.2877,0.6932,2.0669,0.4333,0.2292,1.2302,0.7391
1.0226,1.0158,5.2820,0.8257,1.8987,0.9066,0.4622,3.1680,0.2909,0.6755,2.0138,0.4280,0.2134,1.1882,0.7872
1.0537,1.0325,3.8857,0.6951,2.0867,0.6163,0.4249,3.2642,0.2562,0.7110,1.8195,0.4375,0.2862,1.1265,0.8450
0.9474,0.9648,4.9315,0.7714,1.9227,0.8032,0.4292,3.2563,0.2661,0.6530,1.9877,0.3976,0.2243,1.2165,0.7497
0.9824,0.9884,5.1419,0.8004,1.8576,0.9677,0.4485,3.1276,0.3132,0.6669,2.0036,0.4628,0.2184,1.2040,0.7863
0.9964,0.9977,3.1489,0.6348,2.9682,0.4320,0.3880,4.5102,0.2080,0.7493,1.8627,0.4011,0.3616,1.2287,0.6482
1.0436,1.0216,2.9618,0.5992,2.9183,0.3747,0.3816,4.3169,0.1912,0.7623,1.7706,0.3902,0.3807,1.1717,0.7144
1.0888,1.0548,4.2749,0.7189,1.8591,0.7855,0.4407,2.9332,0.3058,0.6983,1.7972,0.5001,0.2577,1.0799,0.9280
0.8821,0.9242,4.4422,0.7151,1.8820,0.9007,0.4069,3.1934,0.3180,0.6578,1.9612,0.4906,0.2513,1.2506,0.7576
1.0143,1.0085,3.6799,0.6434,1.9488,0.7401,0.4018,3.0501,0.3174,0.6988,1.7515,0.5553,0.2972,1.1097,0.9052
1.0839,1.0442,3.3742,0.6973,2.8785,0.4990,0.4245,4.3464,0.2332,0.7676,1.9039,0.4377,0.3435,1.2076,0.6809
1.1055,1.0580,3.5821,0.6980,2.3159,0.6838,0.4314,3.5217,0.3071,0.7494,1.8440,0.5575,0.3181,1.1461,0.8293
1.1108,1.0628,3.7567,0.7018,2.0844,0.7254,0.4394,3.1904,0.3141,0.7401,1.8093,0.5530,0.3015,1.1123,0.8976
1.0378,1.0223,3.9881,0.7201,2.0770,0.7809,0.4328,3.2828,0.3164,0.7163,1.8837,0.5316,0.2839,1.1658,0.8270
0.9902,0.9941,4.2949,0.7450,2.0309,0.9032,0.4328,3.3040,0.3401,0.6966,1.9510,0.5453,0.2639,1.2063,0.7849
1.0258,1.0116,3.3062,0.6886,2.9454,0.5750,0.4129,4.4666,0.2668,0.7531,1.9045,0.4935,0.3454,1.2414,0.6352
0.9657,0.9803,4.5577,0.7206,1.7896,0.8486,0.4263,2.9567,0.3016,0.6681,1.8658,0.4656,0.2422,1.1520,0.8457
1.1007,1.0626,4.4016,0.7727,2.0036,0.8717,0.4615,3.1681,0.3327,0.7201,1.9065,0.5378,0.2587,1.1347,0.8572
0.9601,0.9764,3.9062,0.6748,2.0345,0.7500,0.4021,3.2786,0.3021,0.6844,1.8510,0.5057,0.2824,1.1764,0.8033
0.9736,0.9865,3.3621,0.6004,2.0388,0.6773,0.3807,3.1610,0.3081,0.7058,1.7259,0.5638,0.3254,1.1285,0.8853
0.9593,0.9771,3.7289,0.6712,2.2687,0.5207,0.3986,3.6183,0.2176,0.6965,1.8704,0.3733,0.2979,1.2002,0.7388
1.0381,1.0228,3.9731,0.7086,2.0498,0.7696,0.4281,3.2375,0.3129,0.7104,1.8572,0.5270,0.2824,1.1497,0.8404
0.9958,1.0009,5.2724,0.7737,1.6645,0.8586,0.4548,2.7746,0.2717,0.6630,1.8801,0.3941,0.2096,1.1269,0.8722
1.1022,1.0584,3.7626,0.6939,2.0465,0.7609,0.4351,3.1412,0.3285,0.7342,1.7971,0.5772,0.2995,1.1062,0.9087
0.9805,0.9891,4.4770,0.7362,1.9257,0.8433,0.4292,3.1643,0.3061,0.6781,1.9113,0.4795,0.2489,1.1760,0.8044
1.0771,1.0473,4.1503,0.7151,1.9091,0.7963,0.4391,3.0044,0.3162,0.7069,1.8117,0.5236,0.2680,1.0993,0.9083
1.0300,1.0177,3.9589,0.7259,2.1552,0.7773,0.4323,3.4101,0.3162,0.7198,1.9123,0.5328,0.2877,1.1876,0.7957
0.9997,1.0014,4.7490,0.7610,1.8777,0.8748,0.4407,3.0988,0.3044,0.6754,1.9248,0.4658,0.2347,1.1647,0.8160
0.9964,0.9984,4.5229,0.7644,2.0202,0.7438,0.4396,3.3078,0.2689,0.6887,1.9610,0.4204,0.2493,1.1995,0.7727
0.9802,0.9894,4.6018,0.7452,1.8983,0.7924,0.4329,3.1316,0.2810,0.6747,1.9159,0.4340,0.2419,1.1739,0.8048
1.0183,1.0102,3.5614,0.6680,2.2320,0.7490,0.4079,3.4677,0.3301,0.7235,1.8408,0.5902,0.3156,1.1729,0.8092
1.0687,1.0374,3.4807,0.6616,2.2707,0.6608,0.4122,3.4642,0.3005,0.7338,1.7970,0.5511,0.3216,1.1354,0.8379
1.0622,1.0405,4.3435,0.7252,1.8693,0.7880,0.4409,2.9761,0.3005,0.6958,1.8222,0.4842,0.2550,1.1000,0.8968
0.9340,0.9542,4.7838,0.8319,2.2982,0.8937,0.4408,3.8861,0.3015,0.6794,2.1680,0.4548,0.2402,1.3436,0.6264
1.0017,1.0014,4.1855,0.6976,1.9415,0.7402,0.4164,3.1328,0.2857,0.6771,1.8304,0.4648,0.2610,1.1328,0.8390
1.0413,1.0256,4.0217,0.7382,2.2426,0.6804,0.4368,3.5466,0.2744,0.7199,1.9239,0.4592,0.2831,1.1862,0.7652
1.1375,1.0695,3.1586,0.6216,2.3497,0.5548,0.4064,3.4524,0.2760,0.7598,1.7074,0.5488,0.3535,1.0865,0.9050
0.9626,0.9760,4.5563,0.7824,2.1660,0.7697,0.4351,3.5964,0.2738,0.6844,2.0430,0.4246,0.2494,1.2607,0.6990
1.0501,1.0320,4.5870,0.7905,2.0575,0.8387,0.4557,3.3260,0.3051,0.7037,1.9731,0.4793,0.2480,1.1827,0.7881
1.0384,1.0205,3.3425,0.6791,2.8176,0.4764,0.4122,4.2922,0.2216,0.7569,1.8996,0.4140,0.3449,1.2220,0.6767
1.1600,1.0879,3.6169,0.6994,2.1952,0.7237,0.4428,3.2993,0.3272,0.7573,1.7980,0.5967,0.3147,1.0996,0.9039
0.9525,0.9740,4.0085,0.6765,1.9409,0.7102,0.4075,3.1403,0.2792,0.6826,1.8336,0.4574,0.2755,1.1635,0.8221
1.1867,1.1093,4.0856,0.8018,2.3484,0.8046,0.4814,3.5873,0.3337,0.7688,1.9562,0.5702,0.2875,1.1544,0.8071
1.0153,1.0094,3.8913,0.7209,2.2395,0.7323,0.4277,3.5456,0.3008,0.7209,1.9240,0.5099,0.2933,1.2040,0.7642
0.9572,0.9737,4.2637,0.7603,2.2341,0.7374,0.4295,3.6661,0.2763,0.6981,2.0279,0.4415,0.2687,1.2692,0.6963
1.0333,1.0212,4.4569,0.7791,2.1055,0.7740,0.4490,3.4029,0.2866,0.7044,1.9754,0.4550,0.2554,1.1968,0.7699
0.9953,0.9978,3.5306,0.6607,2.2533,0.6753,0.4040,3.5138,0.2976,0.7233,1.8447,0.5315,0.3195,1.1855,0.7908
1.0208,1.0125,4.0805,0.7407,2.1818,0.8035,0.4336,3.4831,0.3183,0.7122,1.9422,0.5271,0.2786,1.2015,0.7685
1.1248,1.0749,4.1000,0.7425,2.1090,0.6742,0.4518,3.2722,0.2742,0.7269,1.8534,0.4617,0.2751,1.1114,0.8581
0.9789,0.9875,3.9437,0.7222,2.2871,0.6940,0.4197,3.6716,0.2790,0.7079,1.9553,0.4664,0.2882,1.2333,0.7218
1.0286,1.0180,4.4453,0.7720,2.0800,0.8234,0.4449,3.3661,0.3052,0.6995,1.9645,0.4848,0.2546,1.1925,0.7775
1.0793,1.0491,4.3855,0.8046,2.2423,0.8078,0.4641,3.5664,0.3074,0.7283,2.0079,0.4961,0.2641,1.2033,0.7552
0.9933,0.9956,4.1837,0.7461,2.2130,0.7407,0.4293,3.5804,0.2852,0.6995,1.9669,0.4636,0.2705,1.2211,0.7313
0.9968,0.9977,3.6670,0.6894,2.2738,0.6917,0.4133,3.5758,0.2960,0.7229,1.8962,0.5172,0.3100,1.2085,0.7668
0.9797,0.9886,3.4167,0.6840,2.8863,0.5103,0.4032,4.4908,0.2297,0.7399,1.9531,0.4178,0.3369,1.2698,0.6229
1.0303,1.0223,4.5342,0.8031,2.1485,0.6155,0.4618,3.4577,0.2233,0.7129,1.9955,0.3475,0.2530,1.2129,0.7404
0.9400,0.9617,4.5467,0.7700,2.0733,0.8293,0.4309,3.4642,0.2931,0.6810,2.0336,0.4528,0.2503,1.2655,0.7166
1.0243,1.0157,4.3812,0.7678,2.1023,0.7403,0.4450,3.3943,0.2771,0.7044,1.9623,0.4423,0.2596,1.1966,0.7713
1.0487,1.0306,4.4524,0.7750,2.0640,0.8206,0.4503,3.3207,0.3056,0.7051,1.9524,0.4869,0.2548,1.1775,0.7955
1.0045,1.0037,4.5138,0.7556,1.9767,0.7993,0.4381,3.2290,0.2903,0.6866,1.9342,0.4554,0.2485,1.1797,0.7964
1.0021,1.0009,4.5356,0.7333,1.8873,0.8447,0.4279,3.0917,0.3053,0.6692,1.8785,0.4781,0.2417,1.1457,0.8303
0.9788,0.9874,4.6574,0.7518,1.8804,0.8554,0.4350,3.1122,0.3001,0.6746,1.9297,0.4614,0.2397,1.1808,0.8072
1.0301,1.0226,5.1917,0.7998,1.7769,0.9543,0.4645,2.9378,0.3108,0.6809,1.9385,0.4589,0.2168,1.1466,0.8498
1.0407,1.0273,4.5486,0.7681,1.9406,0.8135,0.4530,3.1323,0.2966,0.7014,1.9194,0.4651,0.2489,1.1576,0.8303
0.9982,0.9991,3.3223,0.6656,2.8374,0.4769,0.4003,4.3638,0.2206,0.7454,1.9059,0.4103,0.3450,1.2404,0.6550
1.1330,1.0806,4.2073,0.7252,1.9006,0.7789,0.4494,2.9554,0.3111,0.7128,1.7884,0.5173,0.2634,1.0643,0.9455
0.9930,0.9962,4.4456,0.7540,1.9914,0.8375,0.4372,3.2550,0.3067,0.6911,1.9485,0.4834,0.2541,1.1966,0.7883
1.0095,1.0050,3.1510,0.6310,2.8335,0.4170,0.3899,4.2895,0.2013,0.7500,1.8377,0.3890,0.3603,1.2078,0.6853
1.0047,1.0036,4.3044,0.7445,1.9922,0.8478,0.4384,3.2226,0.3198,0.7017,1.9277,0.5124,0.2637,1.1874,0.8072
1.0087,1.0066,4.9313,0.7723,1.8456,0.9052,0.4444,3.0592,0.3063,0.6691,1.9275,0.4621,0.2249,1.1552,0.8229
1.0189,1.0123,4.3803,0.7346,1.9319,0.7874,0.4341,3.1248,0.2943,0.6881,1.8832,0.4695,0.2541,1.1502,0.8359
1.1090,1.0689,4.6017,0.7917,1.9905,0.8683,0.4673,3.1647,0.3207,0.7140,1.9231,0.5084,0.2467,1.1316,0.8513
1.0398,1.0223,3.6737,0.6803,2.2329,0.6729,0.4143,3.4719,0.2912,0.7181,1.8333,0.5132,0.3039,1.1533,0.8071
1.0042,1.0046,4.3443,0.7157,1.8398,0.8379,0.4310,2.9773,0.3136,0.6861,1.8440,0.4990,0.2556,1.1343,0.8690
1.0805,1.0519,4.6422,0.7746,1.9056,0.8752,0.4590,3.0568,0.3181,0.7014,1.8984,0.4992,0.2424,1.1250,0.8663
1.0358,1.0233,4.3294,0.7418,1.9965,0.7335,0.4395,3.2041,0.2782,0.6982,1.8914,0.4475,0.2588,1.1517,0.8242
1.1032,1.0652,4.4831,0.7764,1.9959,0.7786,0.4629,3.1611,0.2930,0.7155,1.9009,0.4691,0.2528,1.1267,0.8544
1.0161,1.0101,4.4814,0.7836,2.1276,0.8482,0.4462,3.4616,0.3110,0.7003,2.0010,0.4911,0.2543,1.2176,0.7496
1.0249,1.0165,4.4862,0.7568,1.9695,0.8679,0.4426,3.1945,0.3190,0.6933,1.9226,0.5038,0.2507,1.1661,0.8151
0.9526,0.9707,4.3359,0.7350,2.0680,0.7360,0.4203,3.4110,0.2718,0.6784,1.9567,0.4305,0.2581,1.2221,0.7435
0.9950,0.9974,4.0540,0.7064,2.0696,0.7398,0.4186,3.3246,0.2924,0.6932,1.8792,0.4831,0.2747,1.1729,0.7962
1.0320,1.0219,5.2145,0.7922,1.7596,1.0270,0.4563,2.9206,0.3341,0.6693,1.9289,0.4949,0.2130,1.1372,0.8604
1.0467,1.0309,4.6979,0.7905,1.9708,0.8556,0.4587,3.1982,0.3047,0.7005,1.9592,0.4725,0.2420,1.1711,0.8112
0.9958,0.9976,4.4274,0.7941,2.3091,0.6393,0.4440,3.7707,0.2352,0.7033,2.0544,0.3720,0.2594,1.2611,0.6832
0.9670,0.9830,3.1430,0.6491,3.1330,0.5191,0.3889,4.7729,0.2473,0.7489,1.9040,0.4685,0.3630,1.2714,0.5943
1.0951,1.0596,4.2208,0.7368,1.8964,0.7972,0.4563,2.9667,0.3131,0.7226,1.8254,0.5124,0.2678,1.1012,0.9145
1.0050,1.0036,4.2873,0.7628,2.1241,0.7800,0.4422,3.4339,0.2952,0.7091,1.9777,0.4740,0.2674,1.2190,0.7588
1.0609,1.0369,4.0165,0.6925,1.8881,0.8241,0.4289,2.9671,0.3343,0.7043,1.7868,0.5616,0.2755,1.0966,0.9225
1.0085,1.0104,5.0518,0.7973,1.8252,0.6192,0.4632,2.9924,0.2030,0.6816,1.9234,0.2982,0.2212,1.1611,0.8130
0.9990,0.9991,3.4941,0.7034,2.8549,0.5500,0.4130,4.4397,0.2446,0.7437,1.9696,0.4403,0.3310,1.2676,0.6301
0.9640,0.9787,4.2934,0.7222,1.9745,0.7414,0.4223,3.2325,0.2767,0.6820,1.9096,0.4402,0.2600,1.1919,0.7885
1.0298,1.0178,3.7741,0.7102,2.3267,0.6162,0.4250,3.6446,0.2603,0.7264,1.9012,0.4501,0.3015,1.1925,0.7564
0.9650,0.9815,3.1966,0.6412,2.9943,0.4509,0.3860,4.6048,0.2129,0.7436,1.8997,0.4033,0.3577,1.2586,0.6209
0.9484,0.9649,6.0032,0.8355,1.7492,0.9785,0.4529,3.0513,0.2744,0.6383,2.0544,0.3801,0.1855,1.2205,0.7643
1.0104,1.0068,3.8205,0.6854,2.1061,0.6637,0.4155,3.3241,0.2760,0.7076,1.8421,0.4718,0.2923,1.1593,0.8170
1.0553,1.0338,4.1137,0.7135,1.9604,0.7776,0.4332,3.1009,0.3091,0.7036,1.8332,0.5126,0.2706,1.1210,0.8744
1.2129,1.1160,3.6551,0.7272,2.3306,0.7238,0.4567,3.4689,0.3289,0.7701,1.8252,0.6028,0.3136,1.0988,0.8775
1.0625,1.0390,4.3021,0.7724,2.1595,0.7296,0.4521,3.4375,0.2805,0.7176,1.9516,0.4553,0.2655,1.1800,0.7810
0.7641,0.8592,3.6299,0.6199,2.2327,0.7072,0.3497,3.7862,0.2838,0.6562,1.9724,0.4736,0.3065,1.3538,0.6421
1.0089,1.0051,3.6523,0.6783,2.2959,0.6461,0.4090,3.5960,0.2785,0.7160,1.8595,0.4893,0.3070,1.1813,0.7691
1.0087,1.0054,4.6075,0.7967,2.1316,0.8303,0.4483,3.4935,0.2969,0.6957,2.0260,0.4622,0.2475,1.2295,0.7343
1.0383,1.0221,3.8097,0.7037,2.2201,0.7120,0.4223,3.4786,0.2993,0.7173,1.8728,0.5164,0.2950,1.1693,0.7943
1.0424,1.0255,3.9993,0.7236,2.1380,0.7178,0.4327,3.3770,0.2907,0.7151,1.8887,0.4883,0.2824,1.1659,0.8057
1.0632,1.0395,4.3676,0.7763,2.1314,0.7580,0.4531,3.4023,0.2880,0.7141,1.9530,0.4642,0.2610,1.1769,0.7861
0.9508,0.9697,4.5087,0.7506,1.9763,0.8092,0.4299,3.2796,0.2888,0.6798,1.9695,0.4478,0.2502,1.2239,0.7607
1.0211,1.0134,4.2736,0.7425,2.0362,0.7530,0.4369,3.2759,0.2873,0.7003,1.9148,0.4640,0.2636,1.1745,0.8038
1.0347,1.0225,4.3485,0.7321,1.8895,0.8181,0.4397,3.0332,0.3088,0.6963,1.8609,0.4948,0.2570,1.1338,0.8671
0.9887,0.9930,4.6949,0.7692,1.9634,0.8242,0.4380,3.2485,0.2884,0.6763,1.9652,0.4434,0.2383,1.1962,0.7776
1.0402,1.0257,4.4606,0.7581,1.9715,0.8545,0.4454,3.1799,0.3169,0.6976,1.9154,0.5034,0.2523,1.1578,0.8264
0.9985,0.9992,4.3712,0.7391,1.9873,0.7267,0.4312,3.2333,0.2703,0.6864,1.9142,0.4299,0.2555,1.1775,0.7998
1.1022,1.0695,5.2628,0.8454,1.9162,0.8666,0.4847,3.1136,0.2862,0.7012,1.9871,0.4266,0.2165,1.1434,0.8321
1.0230,1.0148,4.2725,0.7172,1.9418,0.7771,0.4276,3.1241,0.2970,0.6857,1.8504,0.4801,0.2582,1.1333,0.8449
1.1388,1.0760,3.5854,0.6798,2.1608,0.6598,0.4307,3.2592,0.2986,0.7431,1.7692,0.5454,0.3126,1.0902,0.9094
1.0080,1.0039,3.2653,0.6704,3.0144,0.5020,0.4027,4.6039,0.2357,0.7555,1.9209,0.4440,0.3534,1.2529,0.6274
0.9662,0.9794,4.4860,0.7426,1.9310,0.8432,0.4303,3.1866,0.3038,0.6803,1.9375,0.4738,0.2503,1.1987,0.7911
1.0075,1.0065,3.8366,0.7001,2.1650,0.6782,0.4226,3.4176,0.2809,0.7175,1.8762,0.4773,0.2952,1.1809,0.7900
1.0162,1.0098,4.1977,0.7130,1.9820,0.7847,0.4237,3.1862,0.3035,0.6862,1.8563,0.4946,0.2628,1.1435,0.8304
0.9251,0.9583,3.3634,0.6736,3.0324,0.5311,0.3898,4.7714,0.2381,0.7309,1.9872,0.4310,0.3419,1.3180,0.5720
1.0328,1.0185,3.5876,0.6852,2.3465,0.6089,0.4171,3.6342,0.2678,0.7334,1.8660,0.4774,0.3166,1.1828,0.7740
0.8591,0.9177,3.6260,0.6536,2.3029,0.7077,0.3777,3.7710,0.2933,0.6886,1.9512,0.5005,0.3110,1.2984,0.6801
0.9994,1.0004,5.2897,0.8293,1.9356,0.8934,0.4589,3.2552,0.2841,0.6725,2.0440,0.4160,0.2138,1.2149,0.7567
1.0369,1.0250,4.8770,0.8023,1.9602,0.8642,0.4588,3.2127,0.2977,0.6911,1.9806,0.4536,0.2322,1.1790,0.7967
0.9566,0.9736,4.2399,0.7199,1.9995,0.7956,0.4192,3.2772,0.2994,0.6832,1.9229,0.4794,0.2641,1.2050,0.7796
1.0154,1.0150,5.1297,0.7903,1.7722,0.7686,0.4619,2.9204,0.2506,0.6785,1.9132,0.3683,0.2180,1.1438,0.8417
1.0433,1.0262,4.1671,0.7370,2.0239,0.8420,0.4393,3.2215,0.3301,0.7105,1.8974,0.5427,0.2714,1.1616,0.8338
1.1625,1.1054,4.9377,0.8522,2.0244,0.9380,0.4979,3.2055,0.3325,0.7329,1.9863,0.5148,0.2350,1.1348,0.8453
1.0609,1.0374,4.1951,0.7492,2.1055,0.7752,0.4445,3.3388,0.3040,0.7147,1.9100,0.4998,0.2702,1.1610,0.8101
1.0578,1.0343,3.7489,0.7140,2.2567,0.5982,0.4364,3.4902,0.2553,0.7399,1.8724,0.4427,0.3053,1.1704,0.7948
0.9995,0.9990,4.6625,0.7975,2.1370,0.7813,0.4450,3.5197,0.2757,0.6873,2.0285,0.4261,0.2428,1.2329,0.7224
0.9790,0.9869,4.4943,0.7408,1.9368,0.8636,0.4282,3.1893,0.3123,0.6759,1.9254,0.4890,0.2476,1.1847,0.7978
1.0073,1.0013,2.7952,0.5787,3.3344,0.4098,0.3676,4.9052,0.2160,0.7723,1.7884,0.4564,0.4064,1.2142,0.6346
1.0496,1.0344,4.9851,0.8109,1.9220,0.9158,0.4665,3.1461,0.3111,0.6946,1.9763,0.4699,0.2281,1.1672,0.8130
1.0043,1.0022,3.3601,0.6619,2.6413,0.5768,0.4000,4.0655,0.2648,0.7377,1.8788,0.4894,0.3379,1.2180,0.7012
1.0063,1.0051,4.2885,0.7118,1.9013,0.8453,0.4251,3.0756,0.3205,0.6825,1.8483,0.5151,0.2574,1.1368,0.8497
1.2454,1.1024,2.3785,0.5532,3.8405,0.4447,0.3871,5.1069,0.2741,0.8566,1.6277,0.6850,0.4789,1.1104,0.7175
0.9652,0.9780,4.4120,0.7640,2.1141,0.8607,0.4319,3.4857,0.3146,0.6895,2.0113,0.4957,0.2577,1.2473,0.7290
1.0628,1.0402,4.7918,0.7912,1.9075,0.8617,0.4591,3.0946,0.3035,0.6936,1.9392,0.4684,0.2348,1.1491,0.8417
1.0319,1.0192,4.0950,0.7387,2.1119,0.8236,0.4364,3.3624,0.3264,0.7139,1.9240,0.5406,0.2776,1.1857,0.7993
1.1172,1.0806,4.9155,0.8085,1.8326,0.7004,0.4879,2.8993,0.2436,0.7152,1.8751,0.3692,0.2302,1.0968,0.8938
1.0047,1.0032,4.7761,0.7862,1.9591,0.9332,0.4472,3.2347,0.3237,0.6834,1.9838,0.4953,0.2363,1.1976,0.7837
1.0769,1.0464,4.1990,0.7416,2.0743,0.7612,0.4428,3.2767,0.2996,0.7094,1.8768,0.4940,0.2669,1.1354,0.8317
0.9482,0.9682,3.2190,0.6326,2.8218,0.5411,0.3796,4.3683,0.2520,0.7249,1.8701,0.4712,0.3486,1.2477,0.6417
1.0290,1.0205,5.5977,0.8272,1.7891,0.9921,0.4645,3.0061,0.3039,0.6633,1.9846,0.4376,0.1991,1.1575,0.8213
0.9736,0.9901,4.7285,0.7300,1.7245,0.8385,0.4384,2.8404,0.2892,0.6716,1.8421,0.4356,0.2339,1.1296,0.8649
1.0097,1.0070,4.5661,0.7735,2.0079,0.8190,0.4459,3.2800,0.2951,0.6941,1.9668,0.4605,0.2483,1.1956,0.7828
1.0896,1.0546,4.1750,0.7617,2.1148,0.8087,0.4561,3.3217,0.3209,0.7309,1.9172,0.5312,0.2750,1.1574,0.8257
0.9976,1.0069,5.1947,0.7808,1.7504,0.6252,0.4549,2.8961,0.2005,0.6660,1.8914,0.2908,0.2121,1.1354,0.8344
1.0612,1.0406,4.6633,0.7715,1.9159,0.8058,0.4545,3.0914,0.2901,0.6950,1.9032,0.4523,0.2405,1.1335,0.8468
0.9629,0.9777,4.3307,0.7328,2.0659,0.6384,0.4213,3.3927,0.2367,0.6787,1.9383,0.3754,0.2573,1.2071,0.7507
1.0222,1.0140,4.2768,0.7238,1.8940,0.7947,0.4351,3.0420,0.3026,0.6954,1.8580,0.4876,0.2611,1.1408,0.8626
1.0597,1.0357,3.9161,0.7255,2.2453,0.6514,0.4350,3.5150,0.2697,0.7247,1.8921,0.4597,0.2897,1.1671,0.7863
0.8905,0.9365,3.7754,0.6411,2.0142,0.7393,0.3825,3.2901,0.2995,0.6740,1.8456,0.5020,0.2916,1.2065,0.7791
1.0132,1.0063,3.0560,0.5866,2.3921,0.5444,0.3753,3.5929,0.2692,0.7373,1.7312,0.5326,0.3624,1.1454,0.8322
0.9958,0.9982,4.3587,0.7114,1.8578,0.8304,0.4232,3.0236,0.3095,0.6754,1.8478,0.4927,0.2522,1.1374,0.8554
1.1081,1.0650,4.1677,0.7377,1.9931,0.7854,0.4495,3.1154,0.3137,0.7190,1.8445,0.5221,0.2697,1.1080,0.8893
1.0371,1.0275,4.5842,0.7036,1.7180,0.7899,0.4285,2.7830,0.2868,0.6621,1.7610,0.4473,0.2340,1.0581,0.9328
1.0940,1.0600,4.5842,0.7919,2.0085,0.8234,0.4665,3.2022,0.3035,0.7150,1.9353,0.4802,0.2487,1.1451,0.8349
1.0368,1.0233,4.3374,0.7529,2.0145,0.8001,0.4441,3.2340,0.3031,0.7048,1.9179,0.4872,0.2609,1.1674,0.8167
1.0531,1.0245,2.7786,0.5726,3.1219,0.3616,0.3718,4.5357,0.1937,0.7790,1.7430,0.4172,0.4073,1.1709,0.7067
0.9401,0.9633,4.2253,0.6985,1.9790,0.7135,0.4064,3.2612,0.2681,0.6661,1.8869,0.4289,0.2598,1.1886,0.7787
1.0634,1.0356,2.8034,0.6037,3.3331,0.4598,0.3866,4.8051,0.2449,0.7907,1.7800,0.5143,0.4066,1.1923,0.6526
0.9430,0.9653,4.3129,0.7216,1.9294,0.8055,0.4221,3.1791,0.2970,0.6817,1.9201,0.4687,0.2604,1.2073,0.7893
1.0121,1.0078,4.5594,0.7887,2.1292,0.7773,0.4465,3.4791,0.2807,0.6958,2.0082,0.4394,0.2494,1.2195,0.7408
0.9825,0.9896,3.9163,0.7235,2.3775,0.5930,0.4186,3.8076,0.2400,0.7082,1.9604,0.4031,0.2896,1.2370,0.6992
0.9456,0.9657,4.4060,0.7585,2.1295,0.7851,0.4265,3.5319,0.2854,0.6840,2.0175,0.4482,0.2575,1.2595,0.7121
1.0654,1.0415,3.9047,0.6844,1.8658,0.7200,0.4350,2.8930,0.2978,0.7179,1.7514,0.5027,0.2851,1.0845,0.9423
1.1610,1.0987,4.4752,0.7922,2.0048,0.8211,0.4756,3.1296,0.3147,0.7298,1.8976,0.5102,0.2546,1.1064,0.8886
1.0476,1.0316,4.6840,0.7772,1.9405,0.7898,0.4535,3.1466,0.2821,0.6935,1.9272,0.4380,0.2401,1.1521,0.8255
1.0300,1.0185,4.2132,0.7356,2.0441,0.7498,0.4346,3.2732,0.2902,0.7009,1.8995,0.4733,0.2664,1.1647,0.8126
0.9473,0.9734,2.9731,0.5825,2.9452,0.3328,0.3620,4.4653,0.1652,0.7377,1.7996,0.3276,0.3762,1.2194,0.6555
0.9717,0.9833,4.9172,0.7709,1.8394,0.9104,0.4416,3.0780,0.3046,0.6693,1.9552,0.4562,0.2278,1.1883,0.8006
1.1000,1.0628,4.5290,0.7921,2.0215,0.7571,0.4687,3.2075,0.2819,0.7202,1.9313,0.4483,0.2523,1.1453,0.8361
1.0073,1.0054,4.5548,0.7786,2.0458,0.7909,0.4467,3.3425,0.2852,0.6962,1.9828,0.4454,0.2497,1.2070,0.7675
1.0250,1.0152,3.4060,0.6287,2.1905,0.5778,0.3967,3.3581,0.2640,0.7211,1.7521,0.4846,0.3246,1.1257,0.8506
1.0844,1.0629,4.8058,0.7714,1.7352,0.7062,0.4763,2.7464,0.2472,0.7054,1.8084,0.3735,0.2323,1.0750,0.9256
0.9230,0.9533,3.8104,0.6460,2.0542,0.7011,0.3838,3.3344,0.2847,0.6671,1.8226,0.4792,0.2842,1.1778,0.7811
1.0725,1.0340,2.7967,0.5724,3.0557,0.3287,0.3739,4.4273,0.1761,0.7758,1.7209,0.3790,0.4019,1.1487,0.7283
0.9567,0.9765,3.3224,0.6238,2.4508,0.4676,0.3811,3.8105,0.2137,0.7156,1.8213,0.3931,0.3349,1.1996,0.7330
1.0443,1.0254,3.6704,0.6867,2.2333,0.6607,0.4198,3.4655,0.2864,0.7271,1.8455,0.5052,0.3074,1.1598,0.8098
1.0543,1.0293,3.5855,0.7160,2.4872,0.6675,0.4303,3.8335,0.2953,0.7534,1.9324,0.5297,0.3239,1.2181,0.7422
1.0287,1.0176,4.1817,0.7395,2.0146,0.7662,0.4419,3.2141,0.2975,0.7125,1.9022,0.4848,0.2718,1.1717,0.8233
0.9921,0.9960,3.7507,0.6772,2.1314,0.6892,0.4099,3.3696,0.2894,0.7082,1.8497,0.4980,0.2985,1.1746,0.8042
1.0105,1.0073,4.3504,0.7469,1.9827,0.8154,0.4397,3.2075,0.3054,0.6993,1.9217,0.4873,0.2600,1.1793,0.8106
1.0616,1.0363,3.8890,0.7116,2.1372,0.6685,0.4325,3.3376,0.2782,0.7222,1.8554,0.4758,0.2900,1.1465,0.8294
0.9530,0.9711,4.2588,0.7409,2.1114,0.7450,0.4244,3.4670,0.2789,0.6903,1.9786,0.4452,0.2661,1.2408,0.7341
0.9849,0.9901,4.9039,0.8293,2.0700,0.8023,0.4600,3.4440,0.2695,0.6944,2.0828,0.4047,0.2356,1.2644,0.7182
1.0432,1.0264,4.2577,0.7448,2.0387,0.8943,0.4404,3.2599,0.3447,0.7048,1.9058,0.5607,0.2647,1.1613,0.8189
1.0371,1.0211,3.9709,0.7143,2.1225,0.8253,0.4268,3.3555,0.3355,0.7081,1.8732,0.5653,0.2819,1.1604,0.8106
1.0259,1.0170,4.4066,0.7487,1.9835,0.7666,0.4401,3.2038,0.2858,0.6946,1.9087,0.4550,0.2546,1.1619,0.8163
1.0282,1.0180,4.4645,0.7741,2.0811,0.7914,0.4463,3.3702,0.2922,0.7003,1.9673,0.4632,0.2540,1.1933,0.7753
1.0716,1.0468,4.7088,0.7907,1.9439,0.8675,0.4633,3.1324,0.3108,0.7042,1.9365,0.4835,0.2410,1.1480,0.8379
0.9890,0.9930,4.4440,0.7782,2.1876,0.7644,0.4388,3.5843,0.2799,0.6949,2.0191,0.4414,0.2562,1.2410,0.7159
0.9964,0.9978,4.9157,0.8052,1.9780,0.8814,0.4514,3.2899,0.2976,0.6822,2.0239,0.4490,0.2308,1.2195,0.7613
0.9936,0.9968,3.0232,0.6472,3.4526,0.5206,0.3921,5.1846,0.2578,0.7753,1.9220,0.5081,0.3851,1.2841,0.5691
1.0297,1.0177,4.1705,0.7310,1.9947,0.8143,0.4358,3.1873,0.3175,0.7056,1.8912,0.5202,0.2704,1.1630,0.8359
1.0327,1.0208,4.4654,0.7841,2.0849,0.8567,0.4526,3.3708,0.3166,0.7094,1.9867,0.5020,0.2568,1.2038,0.7762
0.9332,0.9538,6.0819,0.8180,1.6728,1.0888,0.4469,2.9406,0.3002,0.6285,2.0224,0.4130,0.1817,1.2061,0.7846
0.9668,0.9799,4.4934,0.7642,2.0417,0.8231,0.4359,3.3704,0.2963,0.6889,1.9933,0.4620,0.2531,1.2323,0.7482
1.0581,1.0370,4.4831,0.7756,2.0202,0.8367,0.4545,3.2432,0.3107,0.7080,1.9396,0.4938,0.2535,1.1651,0.8158
1.0008,1.0021,4.5117,0.7463,1.9247,0.7842,0.4368,3.1432,0.2844,0.6844,1.9095,0.4451,0.2477,1.1668,0.8147
1.1407,1.0822,4.0147,0.7554,2.2790,0.6000,0.4557,3.5106,0.2491,0.7392,1.8877,0.4260,0.2836,1.1324,0.8120
1.0586,1.0363,4.3097,0.7471,1.9622,0.8055,0.4475,3.1249,0.3085,0.7089,1.8846,0.4991,0.2620,1.1419,0.8546
1.0647,1.0424,4.4739,0.7391,1.8656,0.7604,0.4453,2.9835,0.2833,0.6928,1.8388,0.4502,0.2476,1.1031,0.8879
1.0699,1.0461,4.7240,0.7941,1.9624,0.8808,0.4638,3.1663,0.3147,0.7043,1.9458,0.4888,0.2405,1.1529,0.8280
0.9063,0.9426,4.4417,0.7180,1.9140,0.7940,0.4132,3.2118,0.2827,0.6637,1.9354,0.4367,0.2507,1.2236,0.7606
1.0134,1.0085,4.0108,0.7507,2.4283,0.5621,0.4332,3.8699,0.2252,0.7188,1.9851,0.3755,0.2856,1.2351,0.6924
0.9839,0.9911,4.6099,0.7341,1.8431,0.8635,0.4293,3.0415,0.3063,0.6687,1.8868,0.4737,0.2394,1.1536,0.8315
1.0546,1.0325,4.0378,0.7712,2.4564,0.6142,0.4466,3.8756,0.2478,0.7329,1.9971,0.4154,0.2864,1.2259,0.7046
0.9605,0.9765,5.0268,0.7565,1.7651,0.8768,0.4348,2.9749,0.2871,0.6541,1.9180,0.4248,0.2193,1.1653,0.8186
1.0343,1.0224,4.3935,0.7505,1.9793,0.7922,0.4433,3.1862,0.2967,0.6994,1.9062,0.4736,0.2562,1.1582,0.8244
0.8990,0.9364,4.2575,0.7317,2.1630,0.7644,0.4086,3.6218,0.2815,0.6734,2.0194,0.4455,0.2648,1.2879,0.6850
0.9987,0.9993,4.0937,0.7056,2.0484,0.6981,0.4175,3.2938,0.2740,0.6875,1.8683,0.4509,0.2700,1.1627,0.8028
1.4614,1.2599,4.1739,0.7890,1.9867,0.8359,0.5178,2.8744,0.3651,0.7924,1.7470,0.6480,0.2747,0.9584,1.1257
1.0245,1.0178,5.5594,0.8751,1.9505,0.9124,0.4800,3.2710,0.2802,0.6869,2.1000,0.4035,0.2072,1.2303,0.7516
1.0280,1.0190,4.6752,0.7796,1.9625,0.8591,0.4510,3.2018,0.3055,0.6928,1.9535,0.4733,0.2418,1.1751,0.8045
1.1047,1.0648,4.4131,0.7718,1.9572,0.8276,0.4652,3.0874,0.3150,0.7225,1.8909,0.5075,0.2583,1.1257,0.8766
1.1123,1.0751,4.9349,0.7718,1.7713,0.9177,0.4640,2.8436,0.3210,0.6871,1.8347,0.4918,0.2235,1.0631,0.9299
1.0284,1.0180,3.0410,0.6547,3.1611,0.5655,0.4025,4.6672,0.2795,0.7701,1.8497,0.5403,0.3739,1.2306,0.6225
0.9915,0.9954,5.1131,0.8150,1.9284,0.8930,0.4559,3.2298,0.2912,0.6779,2.0295,0.4312,0.2220,1.2173,0.7644
0.9092,0.9406,4.7042,0.7561,1.9338,0.8850,0.4219,3.2875,0.3008,0.6604,2.0121,0.4552,0.2387,1.2584,0.7359
0.9683,0.9821,4.0031,0.6558,1.8589,0.7846,0.3990,3.0018,0.3108,0.6686,1.7747,0.5136,0.2697,1.1191,0.8729
0.9086,0.9398,4.8739,0.7319,1.7934,0.9027,0.4134,3.0717,0.2981,0.6371,1.9318,0.4442,0.2239,1.2000,0.7808
0.9818,0.9894,5.8265,0.8319,1.7620,0.9393,0.4592,3.0209,0.2735,0.6507,2.0208,0.3845,0.1915,1.1913,0.7895
1.0233,1.0165,5.0888,0.7970,1.8524,0.9410,0.4557,3.0708,0.3116,0.6758,1.9595,0.4652,0.2201,1.1628,0.8192
0.9834,0.9903,3.6944,0.7115,2.6082,0.5542,0.4136,4.1251,0.2350,0.7231,1.9672,0.4079,0.3096,1.2560,0.6591
1.1230,1.0734,4.0344,0.7039,1.8925,0.8052,0.4421,2.9271,0.3313,0.7167,1.7651,0.5620,0.2748,1.0632,0.9619
1.0153,1.0107,4.7700,0.7922,1.9780,0.8975,0.4522,3.2524,0.3127,0.6901,1.9876,0.4793,0.2379,1.1961,0.7833
1.0604,1.0399,4.8239,0.7898,1.9065,0.8409,0.4599,3.0956,0.2943,0.6931,1.9326,0.4523,0.2333,1.1446,0.8382
0.9934,0.9975,4.2371,0.7596,2.2593,0.5602,0.4352,3.6531,0.2132,0.7031,1.9842,0.3431,0.2683,1.2302,0.7103
0.9797,0.9874,4.4720,0.7763,2.1321,0.8179,0.4384,3.5069,0.2970,0.6934,2.0197,0.4662,0.2550,1.2436,0.7269
1.0441,1.0271,4.2738,0.7643,2.1316,0.7616,0.4464,3.4083,0.2927,0.7130,1.9519,0.4752,0.2667,1.1885,0.7824
0.9616,0.9771,4.9429,0.8037,1.9578,0.8343,0.4513,3.2809,0.2764,0.6818,2.0347,0.4109,0.2312,1.2427,0.7420
0.8907,0.9285,4.5609,0.7303,1.9896,0.7740,0.4055,3.3897,0.2685,0.6469,1.9848,0.4108,0.2417,1.2546,0.7141
1.0728,1.0399,3.4694,0.6516,2.0247,0.7478,0.4198,3.0738,0.3403,0.7433,1.7517,0.6216,0.3252,1.1095,0.9382
1.0440,1.0288,4.4659,0.7661,2.0014,0.7683,0.4503,3.2203,0.2848,0.7034,1.9257,0.4515,0.2534,1.1633,0.8149
1.0227,1.0155,4.8513,0.7866,1.9120,0.8659,0.4518,3.1448,0.2981,0.6835,1.9574,0.4542,0.2317,1.1718,0.8092
1.0091,1.0062,3.9599,0.6746,1.8378,0.8658,0.4181,2.9197,0.3495,0.6970,1.7867,0.5844,0.2796,1.1177,0.9155
1.0572,1.0351,4.2594,0.7664,2.1879,0.7147,0.4471,3.4838,0.2765,0.7139,1.9488,0.4510,0.2669,1.1824,0.7716
0.9476,0.9670,4.6374,0.7363,1.8856,0.8428,0.4219,3.1549,0.2941,0.6599,1.9270,0.4507,0.2381,1.1910,0.7861
0.9738,0.9830,4.7986,0.7843,1.9652,0.9183,0.4408,3.2804,0.3140,0.6760,2.0076,0.4770,0.2352,1.2235,0.7599
1.0204,1.0132,4.5362,0.8013,2.1635,0.8180,0.4541,3.5213,0.2974,0.7081,2.0338,0.4670,0.2541,1.2333,0.7355
0.9680,0.9809,4.2898,0.7165,1.9451,0.7911,0.4204,3.1829,0.2960,0.6794,1.8949,0.4721,0.2592,1.1805,0.8043
0.9634,0.9754,5.3133,0.7996,1.8264,0.9344,0.4434,3.1127,0.2923,0.6528,2.0061,0.4251,0.2094,1.2068,0.7766
1.0728,1.0461,4.5233,0.7739,1.9678,0.9293,0.4565,3.1520,0.3443,0.7068,1.9190,0.5466,0.2503,1.1453,0.8441
1.0450,1.0296,4.4833,0.7578,1.9767,0.7563,0.4461,3.1840,0.2798,0.6962,1.9049,0.4432,0.2501,1.1486,0.8251
1.0186,1.0107,3.7492,0.7254,2.5768,0.5565,0.4239,4.0457,0.2355,0.7290,1.9584,0.4082,0.3053,1.2342,0.6798
1.0220,1.0143,4.4227,0.7475,1.9063,0.9138,0.4432,3.0836,0.3390,0.6981,1.9049,0.5381,0.2553,1.1610,0.8446
1.0375,1.0185,3.4844,0.6944,2.5957,0.6225,0.4168,3.9640,0.2778,0.7318,1.8620,0.4970,0.3207,1.1972,0.7018
0.9621,0.9759,5.4692,0.7912,1.7638,0.8851,0.4420,3.0193,0.2704,0.6428,1.9698,0.3877,0.2012,1.1791,0.7934
1.0263,1.0182,4.7465,0.8040,2.0343,0.8157,0.4587,3.3265,0.2861,0.6995,2.0050,0.4399,0.2410,1.2043,0.7694
1.0441,1.0303,4.8689,0.7849,1.8475,0.8755,0.4598,3.0131,0.3021,0.6907,1.9229,0.4600,0.2314,1.1443,0.8490
1.0445,1.0283,4.3096,0.7256,1.9014,0.8019,0.4365,3.0419,0.3061,0.6941,1.8457,0.4943,0.2577,1.1220,0.8734
0.9253,0.9586,3.2329,0.6429,2.9887,0.5083,0.3794,4.6525,0.2346,0.7278,1.9200,0.4345,0.3504,1.2866,0.5939
1.0090,1.0049,3.4601,0.6943,2.8033,0.5042,0.4125,4.3383,0.2266,0.7461,1.9436,0.4116,0.3337,1.2497,0.6510
0.9195,0.9502,4.1268,0.7496,2.4797,0.5537,0.4138,4.0968,0.2106,0.6900,2.0650,0.3398,0.2762,1.3154,0.6183
0.9974,0.9991,4.1558,0.7244,2.0225,0.8102,0.4287,3.2591,0.3139,0.6999,1.9059,0.5116,0.2714,1.1838,0.8051
1.0325,1.0211,4.5973,0.7594,1.8886,0.7804,0.4474,3.0635,0.2812,0.6902,1.9005,0.4386,0.2435,1.1473,0.8434
1.0186,1.0129,4.4837,0.7406,1.8847,0.8220,0.4386,3.0584,0.3013,0.6870,1.8826,0.4746,0.2487,1.1454,0.8466
1.0542,1.0381,5.3204,0.8453,1.8990,0.9005,0.4791,3.1313,0.2897,0.6937,2.0181,0.4260,0.2150,1.1790,0.8038
1.0616,1.0405,4.7966,0.8186,2.0189,0.9541,0.4701,3.2749,0.3357,0.7103,2.0065,0.5176,0.2402,1.1887,0.7946
1.0195,1.0134,4.8633,0.8136,1.9927,0.8325,0.4624,3.2755,0.2852,0.6975,2.0171,0.4327,0.2357,1.2109,0.7716
1.0358,1.0258,4.4261,0.7351,1.8787,0.8903,0.4423,3.0235,0.3321,0.6950,1.8589,0.5269,0.2527,1.1260,0.8664
1.0539,1.0311,3.8151,0.7605,2.6879,0.5952,0.4422,4.1949,0.2511,0.7482,2.0085,0.4342,0.3061,1.2481,0.6635
0.9383,0.9606,4.6642,0.7335,1.8678,0.8383,0.4190,3.1387,0.2901,0.6549,1.9266,0.4430,0.2359,1.1935,0.7852
1.0057,1.0037,3.8853,0.7398,2.5078,0.5865,0.4266,3.9808,0.2405,0.7212,1.9854,0.4074,0.2946,1.2462,0.6780
0.9415,0.9634,4.6422,0.7270,1.8409,0.8034,0.4190,3.0842,0.2793,0.6556,1.9058,0.4271,0.2366,1.1808,0.8002
1.0143,1.0105,4.5023,0.7689,2.0212,0.7142,0.4465,3.2821,0.2603,0.6975,1.9501,0.4081,0.2516,1.1885,0.7838
0.9838,0.9908,4.1233,0.7216,2.0713,0.7643,0.4239,3.3473,0.2968,0.6969,1.9173,0.4846,0.2731,1.1975,0.7810
0.9838,0.9910,4.8084,0.7600,1.8688,0.8550,0.4369,3.1072,0.2930,0.6678,1.9314,0.4446,0.2309,1.1721,0.8047
0.9994,1.0001,4.4289,0.7240,1.8944,0.8193,0.4262,3.0908,0.3019,0.6746,1.8700,0.4775,0.2485,1.1460,0.8351
1.0268,1.0183,4.9926,0.7988,1.8711,0.9337,0.4580,3.0873,0.3142,0.6839,1.9679,0.4731,0.2260,1.1713,0.8194
0.9947,0.9982,4.3767,0.7343,1.9623,0.7731,0.4310,3.1946,0.2870,0.6862,1.9030,0.4554,0.2552,1.1711,0.8070
0.9853,0.9909,4.8084,0.7880,1.9774,0.8507,0.4444,3.2878,0.2915,0.6793,2.0028,0.4430,0.2349,1.2156,0.7616
1.0160,1.0097,4.1911,0.7137,1.9335,0.7771,0.4270,3.1047,0.3006,0.6917,1.8561,0.4899,0.2650,1.1448,0.8511
0.9908,0.9949,3.4300,0.6851,2.8112,0.5091,0.4061,4.3642,0.2293,0.7418,1.9428,0.4170,0.3358,1.2578,0.6438
1.0081,1.0055,4.4912,0.7368,1.9229,0.7971,0.4310,3.1372,0.2911,0.6767,1.8872,0.4582,0.2458,1.1504,0.8230
1.0528,1.0340,4.7530,0.7943,1.9151,0.9926,0.4613,3.1113,0.3508,0.7005,1.9599,0.5425,0.2394,1.1667,0.8349
1.0243,1.0163,4.4141,0.7574,2.0235,0.7485,0.4430,3.2695,0.2784,0.6985,1.9298,0.4425,0.2557,1.1752,0.7982
1.0398,1.0247,4.0066,0.7119,2.0504,0.7200,0.4307,3.2388,0.2908,0.7106,1.8554,0.4870,0.2802,1.1463,0.8367
1.0395,1.0256,4.4284,0.7345,1.9004,0.8413,0.4375,3.0618,0.3139,0.6876,1.8601,0.5000,0.2502,1.1257,0.8597
1.0024,1.0029,4.8965,0.7778,1.8564,0.8878,0.4477,3.0750,0.3012,0.6765,1.9466,0.4549,0.2288,1.1718,0.8159
0.9540,0.9720,4.0317,0.6977,2.0586,0.8103,0.4082,3.3466,0.3176,0.6840,1.9002,0.5222,0.2758,1.2026,0.7764
0.9670,0.9798,4.2577,0.7307,2.0421,0.8054,0.4231,3.3404,0.3032,0.6871,1.9408,0.4859,0.2640,1.2109,0.7689
1.0155,1.0132,5.5948,0.8524,1.8618,0.8530,0.4741,3.1270,0.2594,0.6769,2.0439,0.3712,0.2032,1.2011,0.7787
1.0127,1.0089,4.8845,0.8060,1.9984,0.8429,0.4545,3.3020,0.2877,0.6869,2.0125,0.4364,0.2324,1.2072,0.7658
0.9329,0.9597,4.0309,0.6700,1.9117,0.7929,0.3989,3.1256,0.3087,0.6709,1.8426,0.5046,0.2721,1.1742,0.8208
1.0686,1.0451,4.6997,0.7746,1.8981,0.8470,0.4569,3.0609,0.3037,0.6956,1.9015,0.4727,0.2387,1.1283,0.8570
0.9854,0.9910,4.0411,0.7694,2.5835,0.6056,0.4324,4.1604,0.2392,0.7186,2.0592,0.3952,0.2864,1.2904,0.6339
1.0729,1.0454,4.4244,0.7773,2.0714,0.7934,0.4548,3.3055,0.2992,0.7113,1.9402,0.4802,0.2566,1.1630,0.8101
1.1350,1.0759,3.7396,0.6709,1.9077,0.7416,0.4315,2.9002,0.3244,0.7257,1.7154,0.5755,0.2950,1.0488,1.0007
1.0281,1.0196,4.8977,0.8185,2.0198,0.8043,0.4634,3.3172,0.2750,0.6968,2.0214,0.4170,0.2337,1.2072,0.7654
1.0377,1.0246,4.6651,0.7951,2.0493,0.7811,0.4553,3.3334,0.2790,0.6989,1.9854,0.4338,0.2437,1.1913,0.7773
0.9113,0.9380,6.0183,0.8316,1.7499,0.9099,0.4450,3.0928,0.2506,0.6299,2.0804,0.3447,0.1850,1.2549,0.7372
0.9842,0.9900,4.8719,0.8044,2.0279,0.8470,0.4479,3.3816,0.2870,0.6810,2.0394,0.4338,0.2331,1.2354,0.7379
1.1207,1.0816,5.3521,0.8710,1.9556,0.9445,0.4956,3.1702,0.3094,0.7109,2.0254,0.4599,0.2153,1.1552,0.8220
1.0762,1.0513,5.3663,0.8510,1.8680,0.9945,0.4840,3.0689,0.3201,0.6968,2.0128,0.4717,0.2133,1.1654,0.8294
1.0765,1.0408,3.0115,0.6247,2.9334,0.4642,0.3956,4.3076,0.2356,0.7702,1.7860,0.4744,0.3755,1.1686,0.7144
1.0159,1.0110,4.1156,0.7016,1.9270,0.7583,0.4251,3.0791,0.2977,0.6944,1.8313,0.4886,0.2696,1.1336,0.8611
1.0267,1.0172,4.7756,0.8100,2.0639,0.8921,0.4563,3.3842,0.3116,0.6948,2.0221,0.4788,0.2385,1.2124,0.7574
1.0049,1.0003,3.6186,0.7359,2.8340,0.6107,0.4257,4.4125,0.2628,0.7393,1.9901,0.4586,0.3181,1.2778,0.6158
1.0180,1.0123,4.5501,0.7587,1.9284,0.8303,0.4440,3.1387,0.3007,0.6909,1.9215,0.4705,0.2471,1.1662,0.8215
1.0447,1.0284,4.5728,0.7905,2.0651,0.8752,0.4541,3.3422,0.3186,0.7028,1.9801,0.5009,0.2488,1.1897,0.7830
0.8809,0.9265,4.1976,0.6858,1.9999,0.6539,0.3928,3.3552,0.2422,0.6542,1.9164,0.3835,0.2615,1.2329,0.7336
0.9858,0.9913,4.0409,0.7529,2.4743,0.5641,0.4274,3.9843,0.2228,0.7104,2.0150,0.3683,0.2831,1.2623,0.6622
0.9496,0.9694,4.1350,0.6974,1.9354,0.7455,0.4133,3.1584,0.2852,0.6813,1.8759,0.4606,0.2689,1.1858,0.8088
1.0363,1.0225,4.2316,0.7394,2.0102,0.8335,0.4391,3.2148,0.3221,0.7056,1.9004,0.5246,0.2667,1.1622,0.8285
1.0099,1.0086,4.5781,0.7388,1.8163,0.7672,0.4406,2.9557,0.2751,0.6821,1.8613,0.4264,0.2425,1.1340,0.8608
1.0029,1.0030,4.5271,0.7555,1.9296,0.8406,0.4416,3.1510,0.3041,0.6902,1.9284,0.4753,0.2490,1.1774,0.8124
1.0423,1.0262,4.3159,0.7792,2.1751,0.7775,0.4513,3.4854,0.2962,0.7175,1.9851,0.4784,0.2664,1.2072,0.7619
1.0061,1.0042,4.3594,0.7590,2.1574,0.6381,0.4354,3.5023,0.2386,0.6936,1.9632,0.3809,0.2583,1.2042,0.7430
0.9992,1.0001,4.0846,0.7196,2.0971,0.7527,0.4244,3.3686,0.2960,0.6995,1.9050,0.4875,0.2751,1.1858,0.7853
1.0373,1.0252,4.0036,0.7008,2.0341,0.5742,0.4266,3.2075,0.2318,0.7031,1.8214,0.3866,0.2769,1.1267,0.8405
0.9028,0.9381,4.4896,0.7285,1.9105,0.8080,0.4159,3.2183,0.2844,0.6644,1.9605,0.4372,0.2493,1.2406,0.7549
1.0262,1.0174,4.6139,0.7517,1.8793,0.8752,0.4411,3.0622,0.3145,0.6820,1.8935,0.4903,0.2408,1.1422,0.8441
0.9924,0.9970,3.7541,0.6557,1.9640,0.7207,0.4058,3.1008,0.3022,0.6994,1.7843,0.5185,0.2941,1.1336,0.8710
1.0330,1.0157,2.8855,0.5955,3.0799,0.4552,0.3782,4.5383,0.2361,0.7725,1.7919,0.4904,0.3945,1.1973,0.6850
1.0261,1.0163,4.0561,0.7222,2.0749,0.7938,0.4312,3.3013,0.3164,0.7094,1.8905,0.5257,0.2783,1.1692,0.8137
1.0282,1.0183,4.4082,0.7524,2.0146,0.6742,0.4407,3.2509,0.2513,0.6946,1.9138,0.4000,0.2543,1.1647,0.8045
1.0374,1.0270,5.8191,0.8722,1.8567,1.0098,0.4801,3.1265,0.3001,0.6755,2.0667,0.4266,0.1955,1.1951,0.7863
0.8733,0.9158,4.8378,0.7487,1.9260,0.7959,0.4096,3.3381,0.2611,0.6382,2.0219,0.3880,0.2286,1.2739,0.7065
0.9569,0.9732,4.8565,0.7507,1.8426,0.8023,0.4283,3.0967,0.2702,0.6549,1.9292,0.4063,0.2266,1.1795,0.7941
0.9766,0.9868,3.4934,0.6807,2.7000,0.5075,0.4016,4.2259,0.2244,0.7274,1.9296,0.4022,0.3259,1.2493,0.6551
0.9935,0.9961,4.6472,0.7602,1.9575,0.8123,0.4356,3.2286,0.2872,0.6750,1.9428,0.4438,0.2396,1.1826,0.7864
0.9710,0.9811,4.9191,0.7875,1.9266,0.9435,0.4417,3.2329,0.3158,0.6703,2.0054,0.4743,0.2287,1.2181,0.7649
1.0043,1.0039,5.2071,0.8172,1.8830,0.9635,0.4591,3.1513,0.3109,0.6766,2.0154,0.4583,0.2174,1.1996,0.7859
1.0330,1.0198,3.9127,0.6965,2.1057,0.6532,0.4203,3.3213,0.2685,0.7041,1.8407,0.4557,0.2839,1.1443,0.8219
1.0147,1.0104,4.7819,0.7750,1.9377,0.7526,0.4444,3.1881,0.2616,0.6775,1.9440,0.4006,0.2331,1.1694,0.7983
0.9521,0.9728,4.4847,0.6879,1.7138,0.7901,0.4133,2.8324,0.2833,0.6540,1.7990,0.4386,0.2410,1.1189,0.8790
0.9460,0.9672,4.9983,0.7705,1.8549,0.8405,0.4355,3.1391,0.2753,0.6585,1.9715,0.4070,0.2229,1.2044,0.7710
1.0693,1.0399,3.7893,0.6771,2.0087,0.7390,0.4204,3.1172,0.3147,0.7118,1.7792,0.5481,0.2915,1.1025,0.9015
1.0124,1.0090,4.5100,0.7553,1.9512,0.8098,0.4415,3.1762,0.2949,0.6906,1.9234,0.4629,0.2493,1.1710,0.8117
1.0345,1.0230,4.7620,0.7940,1.9520,0.8244,0.4587,3.1840,0.2889,0.6968,1.9675,0.4438,0.2387,1.1791,0.8051
0.9871,0.9925,5.3081,0.8147,1.8786,0.8496,0.4530,3.1719,0.2682,0.6642,2.0173,0.3912,0.2113,1.2037,0.7705
0.9390,0.9602,4.6252,0.7588,2.0023,0.8588,0.4245,3.3611,0.2993,0.6662,1.9988,0.4593,0.2418,1.2400,0.7359
1.0233,1.0153,4.3068,0.7428,2.0297,0.7501,0.4372,3.2677,0.2847,0.6981,1.9097,0.4582,0.2610,1.1683,0.8051
1.0147,1.0096,4.0969,0.7037,1.9343,0.8009,0.4254,3.0913,0.3154,0.6970,1.8426,0.5194,0.2719,1.1420,0.8594
0.9965,0.9985,3.9819,0.7047,2.0743,0.6939,0.4210,3.3139,0.2780,0.7023,1.8782,0.4628,0.2818,1.1775,0.8014
0.9378,0.9624,4.2310,0.6931,1.8548,0.7973,0.4118,3.0503,0.2983,0.6724,1.8611,0.4745,0.2613,1.1759,0.8255
1.1894,1.1217,4.9032,0.8351,1.9634,0.9075,0.4960,3.0843,0.3261,0.7299,1.9304,0.5088,0.2338,1.0955,0.8914
1.0838,1.0488,3.9056,0.6977,2.0447,0.7293,0.4282,3.1800,0.3046,0.7115,1.8029,0.5230,0.2833,1.1053,0.8808
1.0310,1.0198,4.3792,0.7417,1.9485,0.8125,0.4388,3.1401,0.3049,0.6941,1.8908,0.4877,0.2554,1.1505,0.8371
1.1117,1.0673,4.2230,0.7442,1.9590,0.8444,0.4533,3.0667,0.3341,0.7199,1.8500,0.5526,0.2668,1.1073,0.9012
1.1066,1.0694,4.9301,0.8133,1.9209,0.8833,0.4734,3.0901,0.3082,0.7027,1.9418,0.4734,0.2293,1.1288,0.8551
1.0202,1.0121,3.9929,0.7203,2.0724,0.7797,0.4321,3.2899,0.3137,0.7161,1.8949,0.5241,0.2847,1.1794,0.8159
0.9642,0.9783,3.8119,0.7237,2.5815,0.5719,0.4139,4.1344,0.2351,0.7131,1.9966,0.3991,0.2996,1.2743,0.6434
0.9895,0.9937,4.6718,0.7686,1.9426,0.8614,0.4404,3.2083,0.3026,0.6811,1.9633,0.4660,0.2408,1.1962,0.7878
1.0256,1.0168,4.6374,0.7773,1.9798,0.8620,0.4482,3.2301,0.3084,0.6914,1.9564,0.4799,0.2432,1.1794,0.7992
0.8940,0.9279,5.2379,0.7889,1.8706,0.9356,0.4274,3.2623,0.2890,0.6407,2.0626,0.4175,0.2133,1.2746,0.7165
1.0098,1.0071,4.3172,0.7381,2.0043,0.7333,0.4342,3.2396,0.2765,0.6937,1.9061,0.4429,0.2597,1.1710,0.8050
1.0310,1.0203,4.6010,0.7821,1.9977,0.8550,0.4526,3.2470,0.3082,0.6996,1.9651,0.4814,0.2472,1.1849,0.7978
1.0812,1.0548,5.1808,0.8144,1.8595,0.8678,0.4696,3.0363,0.2885,0.6856,1.9415,0.4317,0.2161,1.1272,0.8489
0.9601,0.9792,3.9813,0.6875,2.0750,0.6310,0.4091,3.3479,0.2504,0.6878,1.8649,0.4128,0.2787,1.1804,0.7779
1.0809,1.0495,4.0856,0.7606,2.1944,0.7251,0.4553,3.4361,0.2917,0.7373,1.9286,0.4864,0.2826,1.1736,0.7977
1.0028,1.0001,3.2530,0.6857,3.0989,0.5915,0.4080,4.7091,0.2763,0.7566,1.9322,0.5138,0.3534,1.2713,0.6001
1.0662,1.0430,4.5839,0.7833,1.9980,0.8164,0.4590,3.2105,0.2985,0.7066,1.9378,0.4698,0.2477,1.1563,0.8216
0.9873,0.9931,4.0138,0.6987,2.0626,0.6656,0.4155,3.3116,0.2644,0.6923,1.8690,0.4380,0.2769,1.1722,0.7976
0.9623,0.9759,4.8093,0.7475,1.8333,0.8831,0.4281,3.0727,0.3004,0.6570,1.9228,0.4545,0.2290,1.1755,0.8055
0.9935,0.9962,4.5934,0.7715,2.0344,0.7778,0.4391,3.3473,0.2776,0.6841,1.9779,0.4313,0.2451,1.2066,0.7610
0.9774,0.9868,4.6406,0.7614,1.9424,0.8659,0.4371,3.2153,0.3048,0.6795,1.9593,0.4692,0.2424,1.1995,0.7822
1.0127,1.0052,3.2903,0.6590,2.8036,0.4925,0.3993,4.2791,0.2296,0.7408,1.8661,0.4292,0.3436,1.2163,0.6702
0.9864,0.9923,3.8128,0.6984,2.2405,0.6775,0.4142,3.5625,0.2804,0.7104,1.9048,0.4780,0.2963,1.2072,0.7551
0.9603,0.9759,5.5902,0.8202,1.7792,0.8662,0.4568,3.0397,0.2584,0.6572,2.0159,0.3657,0.2009,1.2090,0.7764
0.9910,0.9948,4.2707,0.7370,2.0311,0.7842,0.4302,3.2979,0.2966,0.6938,1.9297,0.4765,0.2638,1.1947,0.7868
0.9985,1.0005,4.3792,0.7262,1.8692,0.8102,0.4333,3.0342,0.3005,0.6874,1.8700,0.4758,0.2548,1.1515,0.8475
1.3008,1.1746,4.1422,0.7458,1.9212,0.7894,0.4809,2.8643,0.3337,0.7513,1.7371,0.5774,0.2704,0.9919,1.0578
0.9546,0.9726,4.1633,0.7105,2.0438,0.7381,0.4137,3.3413,0.2819,0.6812,1.9126,0.4556,0.2675,1.2028,0.7690
1.0173,1.0110,4.3334,0.7513,2.0638,0.8075,0.4372,3.3356,0.3045,0.6972,1.9364,0.4886,0.2600,1.1851,0.7861
1.0498,1.0295,3.8277,0.7389,2.5194,0.5208,0.4352,3.9363,0.2189,0.7353,1.9504,0.3770,0.3001,1.2126,0.7040
0.9806,0.9877,3.9523,0.7543,2.5428,0.6848,0.4263,4.0696,0.2739,0.7133,2.0196,0.4549,0.2888,1.2776,0.6452
1.0188,1.0118,4.9833,0.8019,1.9517,0.8645,0.4515,3.2318,0.2906,0.6754,1.9864,0.4378,0.2244,1.1856,0.7809
0.9967,0.9997,4.1622,0.7081,1.9756,0.7353,0.4225,3.1834,0.2846,0.6893,1.8614,0.4629,0.2669,1.1556,0.8231
1.1065,1.0664,4.4812,0.7805,1.9905,0.8256,0.4648,3.1512,0.3110,0.7183,1.9094,0.4987,0.2537,1.1310,0.8591
1.0443,1.0276,4.2082,0.7055,1.8665,0.8611,0.4289,2.9753,0.3352,0.6904,1.8104,0.5484,0.2615,1.1052,0.9007
1.0513,1.0321,4.2599,0.7627,2.1167,0.7651,0.4492,3.3725,0.2954,0.7172,1.9405,0.4804,0.2683,1.1801,0.7930
1.0379,1.0231,4.1587,0.7409,2.1165,0.7702,0.4364,3.3740,0.3021,0.7077,1.9151,0.4969,0.2713,1.1742,0.7952
1.1347,1.0916,5.1361,0.8350,1.8495,0.9237,0.4958,2.9539,0.3135,0.7184,1.9323,0.4723,0.2234,1.1084,0.8890
0.9332,0.9567,4.5752,0.7637,2.0910,0.7566,0.4236,3.5096,0.2656,0.6689,2.0241,0.4091,0.2454,1.2605,0.7048
1.0393,1.0258,4.7531,0.7998,2.0284,0.8165,0.4565,3.3094,0.2875,0.6950,1.9868,0.4435,0.2386,1.1871,0.7802
0.9715,0.9881,2.6427,0.5331,3.3495,0.3242,0.3461,4.8864,0.1768,0.7720,1.7349,0.3878,0.4262,1.2035,0.6470
0.9888,0.9930,4.4069,0.7439,1.9402,0.8780,0.4343,3.1707,0.3233,0.6897,1.9304,0.5113,0.2558,1.1896,0.8093
0.9903,0.9941,4.4584,0.7551,1.9518,0.8933,0.4392,3.1938,0.3259,0.6931,1.9499,0.5124,0.2544,1.1988,0.8007
1.0076,1.0048,3.7093,0.6688,2.1696,0.5792,0.4064,3.4084,0.2465,0.7049,1.8223,0.4287,0.2985,1.1544,0.8054
1.1138,1.0678,4.1823,0.7024,1.8071,0.7845,0.4368,2.8235,0.3129,0.6966,1.7503,0.5206,0.2602,1.0491,0.9831
1.1408,1.0977,4.8980,0.8101,1.7744,0.7585,0.5019,2.7680,0.2652,0.7298,1.8376,0.4007,0.2324,1.0731,0.9349
1.0613,1.0385,4.0464,0.7562,2.2202,0.7457,0.4514,3.4878,0.3007,0.7372,1.9400,0.5018,0.2862,1.1891,0.7807
1.0059,1.0038,4.1968,0.7673,2.2660,0.7918,0.4398,3.6530,0.3053,0.7141,2.0084,0.4968,0.2743,1.2411,0.7208
0.9099,0.9438,4.0822,0.7146,2.2554,0.6804,0.4024,3.7306,0.2602,0.6759,1.9854,0.4214,0.2739,1.2717,0.6776
1.0036,1.0031,4.6954,0.7734,1.9665,0.8123,0.4430,3.2367,0.2856,0.6821,1.9600,0.4400,0.2391,1.1872,0.7858
1.1275,1.0809,4.7168,0.8169,2.0088,0.8523,0.4796,3.1891,0.3101,0.7226,1.9537,0.4873,0.2432,1.1385,0.8456
1.0823,1.0490,3.9928,0.7420,2.1326,0.8254,0.4493,3.3286,0.3385,0.7372,1.9004,0.5730,0.2882,1.1606,0.8327
1.0550,1.0362,4.6761,0.7699,1.8880,0.8496,0.4537,3.0536,0.3045,0.6935,1.9031,0.4738,0.2399,1.1356,0.8540
1.0653,1.0404,4.1818,0.7507,2.0766,0.7901,0.4491,3.2831,0.3108,0.7216,1.9074,0.5113,0.2728,1.1596,0.8244
0.9950,0.9983,5.6105,0.8254,1.7698,1.0330,0.4623,3.0029,0.3119,0.6626,2.0075,0.4456,0.2004,1.1852,0.8059
0.9601,0.9781,6.3707,0.8064,1.5697,0.9104,0.4523,2.7347,0.2435,0.6225,1.9336,0.3290,0.1702,1.1347,0.8418
0.9926,0.9966,2.7953,0.5687,3.2043,0.3691,0.3618,4.7284,0.1942,0.7663,1.7773,0.4096,0.4045,1.2086,0.6560
1.0452,1.0302,4.5417,0.7935,2.0344,0.9075,0.4630,3.2799,0.3319,0.7173,1.9821,0.5217,0.2546,1.1934,0.7960
1.0920,1.0592,4.7789,0.8155,2.0386,0.8151,0.4700,3.2774,0.2904,0.7082,1.9757,0.4512,0.2382,1.1602,0.8072
0.9848,0.9923,4.4259,0.7123,1.8330,0.8081,0.4236,2.9983,0.2964,0.6718,1.8480,0.4665,0.2483,1.1386,0.8521
0.9913,0.9952,4.0393,0.6993,1.9762,0.7890,0.4194,3.1725,0.3120,0.6955,1.8617,0.5154,0.2764,1.1653,0.8318
0.9552,0.9711,4.4851,0.7952,2.3377,0.6710,0.4349,3.8799,0.2411,0.6902,2.0943,0.3763,0.2554,1.2995,0.6484
1.0261,1.0177,5.2754,0.8329,1.9251,0.9307,0.4638,3.2088,0.2992,0.6780,2.0291,0.4410,0.2142,1.1962,0.7790
1.0090,1.0062,4.6378,0.7969,2.1065,0.7045,0.4507,3.4507,0.2504,0.6963,2.0167,0.3879,0.2459,1.2235,0.7400
1.0029,1.0019,4.6744,0.7802,2.0348,0.7718,0.4422,3.3495,0.2723,0.6823,1.9820,0.4207,0.2403,1.2018,0.7606
1.0003,1.0017,4.8462,0.7674,1.7951,0.9283,0.4492,2.9636,0.3168,0.6803,1.9185,0.4790,0.2317,1.1601,0.8438
1.0802,1.0454,3.7122,0.7192,2.4478,0.5434,0.4335,3.7724,0.2358,0.7411,1.8949,0.4166,0.3077,1.1761,0.7544
0.9801,0.9884,4.4471,0.7935,2.3163,0.6289,0.4412,3.8024,0.2295,0.6994,2.0647,0.3607,0.2582,1.2725,0.6707
0.9487,0.9658,5.1082,0.8053,1.9357,0.8929,0.4428,3.2931,0.2872,0.6638,2.0541,0.4230,0.2211,1.2501,0.7348
1.0073,1.0063,4.8295,0.7775,1.8522,0.8750,0.4520,3.0498,0.3002,0.6848,1.9397,0.4553,0.2335,1.1706,0.8240
0.9150,0.9427,5.2508,0.7727,1.7931,0.9101,0.4271,3.1030,0.2828,0.6370,1.9945,0.4094,0.2099,1.2226,0.7611
0.9020,0.9382,4.4542,0.7119,1.8653,0.7853,0.4106,3.1371,0.2782,0.6586,1.9206,0.4290,0.2487,1.2171,0.7756
1.0805,1.0548,5.2547,0.8349,1.8705,0.8479,0.4800,3.0542,0.2779,0.6955,1.9755,0.4126,0.2161,1.1470,0.8371
1.0277,1.0183,4.5445,0.7614,1.9553,0.7780,0.4448,3.1734,0.2829,0.6917,1.9215,0.4440,0.2470,1.1627,0.8173
1.0001,1.0010,5.3707,0.8247,1.8640,0.9148,0.4595,3.1392,0.2871,0.6693,2.0232,0.4179,0.2099,1.2002,0.7815
0.9884,0.9929,4.9815,0.7903,1.8892,0.9031,0.4470,3.1562,0.3007,0.6726,1.9864,0.4504,0.2256,1.1975,0.7871
1.0321,1.0212,4.7687,0.7858,1.9206,0.8426,0.4547,3.1383,0.2949,0.6912,1.9520,0.4530,0.2368,1.1697,0.8169
0.9401,0.9610,4.9390,0.7765,1.9274,0.7718,0.4317,3.2687,0.2547,0.6575,2.0055,0.3794,0.2257,1.2306,0.7427
1.0340,1.0229,4.7358,0.8007,2.0455,0.7830,0.4568,3.3385,0.2760,0.6970,1.9940,0.4258,0.2402,1.1944,0.7713
0.9301,0.9548,4.7853,0.7600,1.9210,0.8320,0.4262,3.2509,0.2809,0.6594,1.9898,0.4234,0.2332,1.2314,0.7490
1.0544,1.0376,5.3307,0.8448,1.9183,0.9089,0.4751,3.1707,0.2924,0.6886,2.0239,0.4307,0.2135,1.1801,0.7967
0.8543,0.8952,5.7023,0.8201,1.8018,0.9365,0.4316,3.2310,0.2637,0.6279,2.1395,0.3660,0.1975,1.3327,0.6898
0.9254,0.9523,4.4718,0.7459,2.0647,0.7446,0.4176,3.4590,0.2656,0.6677,1.9982,0.4128,0.2501,1.2526,0.7167
1.1160,1.0735,4.6779,0.8104,2.0573,0.8068,0.4714,3.2733,0.2946,0.7143,1.9536,0.4640,0.2429,1.1437,0.8219
0.9554,0.9724,4.2097,0.7705,2.4413,0.6062,0.4279,4.0011,0.2295,0.7008,2.0677,0.3692,0.2728,1.2974,0.6408
1.0992,1.0657,5.1988,0.8339,1.8733,0.9247,0.4795,3.0447,0.3081,0.6972,1.9705,0.4620,0.2180,1.1377,0.8531
1.0144,1.0095,4.3724,0.7436,1.9771,0.7892,0.4368,3.2006,0.2950,0.6933,1.9107,0.4704,0.2567,1.1692,0.8143
1.0039,1.0020,4.0519,0.7400,2.2985,0.5351,0.4291,3.6790,0.2118,0.7082,1.9549,0.3502,0.2798,1.2188,0.7209
1.1290,1.0830,4.6579,0.7888,1.8644,0.8964,0.4792,2.9415,0.3288,0.7230,1.8779,0.5172,0.2449,1.0990,0.9137
0.9968,0.9992,4.5832,0.7590,1.9365,0.8065,0.4405,3.1756,0.2883,0.6855,1.9370,0.4477,0.2453,1.1821,0.8011
1.0625,1.0414,5.0240,0.8244,1.9579,0.9255,0.4689,3.2008,0.3136,0.6951,1.9979,0.4744,0.2262,1.1735,0.8045
1.0697,1.0423,4.2164,0.7608,2.1107,0.7102,0.4519,3.3377,0.2776,0.7219,1.9218,0.4551,0.2707,1.1660,0.8095
1.0201,1.0147,4.9833,0.8369,2.1099,0.6989,0.4637,3.4851,0.2351,0.6936,2.0674,0.3534,0.2299,1.2335,0.7231
1.0299,1.0224,5.1915,0.8106,1.8306,0.8641,0.4660,3.0258,0.2813,0.6829,1.9636,0.4152,0.2174,1.1619,0.8245
1.0375,1.0254,4.6938,0.7966,2.0634,0.7049,0.4556,3.3576,0.2506,0.6973,1.9841,0.3881,0.2417,1.1891,0.7696
0.9899,0.9940,4.6133,0.7624,1.9400,0.8195,0.4392,3.1946,0.2908,0.6826,1.9511,0.4500,0.2437,1.1920,0.7930
1.0604,1.0404,4.8745,0.8031,1.9302,0.8443,0.4652,3.1374,0.2929,0.6977,1.9575,0.4477,0.2326,1.1575,0.8239
1.0581,1.0368,4.4455,0.7710,1.9950,0.7986,0.4558,3.1932,0.2981,0.7112,1.9256,0.4747,0.2561,1.1603,0.8276
0.9887,0.9933,4.9183,0.7733,1.8553,0.8975,0.4417,3.0930,0.3022,0.6681,1.9503,0.4550,0.2265,1.1778,0.8061
0.9526,0.9698,4.6695,0.7521,1.8656,0.8365,0.4332,3.1110,0.2897,0.6724,1.9467,0.4417,0.2401,1.2038,0.7925
1.0529,1.0372,5.2905,0.8405,1.8715,0.8972,0.4803,3.0788,0.2894,0.6957,2.0028,0.4255,0.2163,1.1737,0.8149
0.9972,0.9995,5.1061,0.7998,1.8820,0.8727,0.4515,3.1466,0.2856,0.6714,1.9881,0.4237,0.2198,1.1898,0.7878
1.0108,1.0074,4.6120,0.7742,1.9889,0.8091,0.4454,3.2547,0.2892,0.6902,1.9631,0.4496,0.2449,1.1908,0.7875
1.1266,1.0823,4.9418,0.7970,1.7944,0.8964,0.4782,2.8645,0.3134,0.7050,1.8759,0.4810,0.2277,1.0858,0.9257
1.0788,1.0526,4.9623,0.7932,1.8502,0.8834,0.4642,3.0019,0.3040,0.6897,1.9121,0.4630,0.2255,1.1197,0.8663
1.0019,1.0021,4.8900,0.8015,1.9903,0.7666,0.4516,3.2978,0.2603,0.6829,2.0081,0.3935,0.2314,1.2094,0.7612
0.9826,0.9886,5.0481,0.8062,1.9624,0.8212,0.4471,3.2946,0.2700,0.6699,2.0279,0.4021,0.2228,1.2219,0.7502
1.0301,1.0193,4.5391,0.8058,2.2298,0.6630,0.4548,3.6182,0.2416,0.7077,2.0347,0.3799,0.2530,1.2301,0.7188
0.9639,0.9771,4.8196,0.7598,1.8578,0.8671,0.4337,3.1106,0.2944,0.6644,1.9490,0.4449,0.2308,1.1913,0.7949
0.9647,0.9779,4.5491,0.7725,2.0555,0.7835,0.4372,3.4034,0.2789,0.6869,2.0095,0.4322,0.2500,1.2411,0.7373
0.9913,0.9939,4.8109,0.8310,2.2395,0.7127,0.4528,3.7192,0.2446,0.6911,2.1063,0.3723,0.2386,1.2761,0.6756
0.8194,0.8775,4.9679,0.7407,1.8453,0.8629,0.4001,3.2803,0.2710,0.6228,2.0495,0.3938,0.2228,1.3138,0.6911
0.9502,0.9689,4.2994,0.7421,2.1046,0.7777,0.4224,3.4689,0.2889,0.6850,1.9834,0.4594,0.2626,1.2419,0.7321
1.0020,1.0025,4.6374,0.7508,1.8694,0.8091,0.4390,3.0668,0.2869,0.6789,1.9049,0.4435,0.2402,1.1582,0.8289
1.0344,1.0185,3.4033,0.6652,2.5593,0.4597,0.4072,3.9179,0.2106,0.7394,1.8492,0.3884,0.3326,1.1860,0.7339
1.0495,1.0329,4.5355,0.7477,1.8611,0.7979,0.4474,2.9950,0.2924,0.6928,1.8634,0.4601,0.2458,1.1210,0.8732
0.9150,0.9478,3.9163,0.7215,2.5392,0.5522,0.4038,4.1556,0.2187,0.6926,2.0253,0.3622,0.2894,1.3057,0.6181
0.9953,0.9973,4.6625,0.7711,1.9547,0.7684,0.4425,3.2182,0.2706,0.6834,1.9604,0.4171,0.2413,1.1939,0.7863
1.0461,1.0309,4.5903,0.7548,1.8678,0.7684,0.4491,3.0138,0.2784,0.6917,1.8757,0.4351,0.2431,1.1277,0.8626
1.0007,1.0013,4.0297,0.7045,2.0479,0.7241,0.4207,3.2774,0.2879,0.6977,1.8698,0.4773,0.2771,1.1669,0.8104
0.9988,1.0001,4.4663,0.7536,1.9825,0.8232,0.4378,3.2371,0.3010,0.6899,1.9391,0.4737,0.2522,1.1874,0.7940
1.0107,1.0070,4.1791,0.7773,2.4185,0.5910,0.4415,3.8873,0.2289,0.7173,2.0296,0.3732,0.2759,1.2540,0.6789
0.9446,0.9647,4.4891,0.7703,2.1417,0.7801,0.4292,3.5666,0.2792,0.6823,2.0393,0.4346,0.2531,1.2694,0.7012
1.0239,1.0150,4.4499,0.7817,2.1401,0.8121,0.4465,3.4690,0.3003,0.7022,1.9929,0.4764,0.2558,1.2114,0.7525
0.9503,0.9690,4.3433,0.7457,2.0933,0.7557,0.4242,3.4556,0.2783,0.6841,1.9852,0.4402,0.2600,1.2410,0.7321
0.9750,0.9848,3.9402,0.7064,2.1927,0.7453,0.4127,3.5244,0.2994,0.6968,1.9169,0.5005,0.2843,1.2110,0.7507
1.0834,1.0567,5.1975,0.7826,1.7266,0.9066,0.4614,2.8178,0.3008,0.6725,1.8618,0.4496,0.2112,1.0796,0.9147
1.0985,1.0600,4.0487,0.7319,2.0768,0.7612,0.4471,3.2351,0.3104,0.7267,1.8529,0.5229,0.2796,1.1222,0.8597
1.1154,1.0707,4.4683,0.7936,2.0303,0.8226,0.4676,3.2089,0.3115,0.7222,1.9370,0.5012,0.2554,1.1446,0.8484
1.1759,1.1039,4.2601,0.7679,1.9737,0.8072,0.4723,3.0434,0.3225,0.7383,1.8510,0.5370,0.2672,1.0874,0.9313
1.0475,1.0288,4.1553,0.7467,2.1280,0.8034,0.4397,3.3824,0.3162,0.7121,1.9221,0.5213,0.2724,1.1754,0.7971
1.0137,1.0078,4.0319,0.7322,2.2330,0.7513,0.4289,3.5651,0.2998,0.7093,1.9329,0.4987,0.2809,1.2013,0.7507
1.0023,1.0011,4.1402,0.7378,2.0761,0.8637,0.4316,3.3421,0.3362,0.7059,1.9425,0.5505,0.2745,1.2053,0.7896
1.0078,1.0058,5.5709,0.8702,1.9080,1.1136,0.4769,3.2233,0.3397,0.6842,2.1094,0.4883,0.2075,1.2414,0.7579
0.9908,0.9957,4.5882,0.7704,1.9640,0.8502,0.4454,3.2244,0.3029,0.6929,1.9675,0.4689,0.2479,1.2036,0.7848
0.9791,0.9923,5.1448,0.7931,1.8275,0.7479,0.4541,3.0509,0.2408,0.6713,1.9574,0.3513,0.2178,1.1816,0.7920
1.0425,1.0273,4.5305,0.7774,2.0202,0.8523,0.4518,3.2651,0.3124,0.7024,1.9533,0.4928,0.2506,1.1764,0.8022
0.9912,0.9955,3.5997,0.6337,2.0016,0.7822,0.3941,3.1400,0.3393,0.6984,1.7618,0.5988,0.3043,1.1282,0.8776
1.1326,1.0879,5.5131,0.8501,1.7550,0.7816,0.4997,2.8278,0.2485,0.7013,1.9222,0.3630,0.2049,1.0966,0.9056
0.9740,0.9926,5.4559,0.7883,1.6475,0.6270,0.4637,2.7336,0.1893,0.6617,1.8666,0.2651,0.2012,1.1334,0.8437
1.1101,1.0625,3.7601,0.6897,2.0338,0.7536,0.4331,3.1169,0.3263,0.7305,1.7830,0.5752,0.2978,1.0950,0.9208
1.0875,1.0514,3.9750,0.7333,2.0978,0.7983,0.4463,3.2678,0.3289,0.7332,1.8767,0.5590,0.2873,1.1458,0.8517
0.9887,0.9929,3.6268,0.6598,1.9898,0.8229,0.4098,3.1234,0.3537,0.7200,1.8194,0.6186,0.3116,1.1673,0.8729
1.0300,1.0233,5.5612,0.8221,1.7664,0.9216,0.4675,2.9553,0.2837,0.6686,1.9671,0.4084,0.2011,1.1489,0.8339
1.1181,1.0700,3.8364,0.7259,2.1357,0.7229,0.4527,3.2674,0.3085,0.7513,1.8433,0.5350,0.2996,1.1260,0.8689
0.9571,0.9767,3.8166,0.6293,1.8639,0.7615,0.3886,2.9886,0.3124,0.6701,1.7397,0.5279,0.2815,1.1109,0.8854
0.9752,0.9862,4.4907,0.7429,1.9749,0.7874,0.4297,3.2519,0.2847,0.6784,1.9312,0.4445,0.2487,1.1893,0.7796
0.9497,0.9698,4.2570,0.6836,1.8860,0.6922,0.4035,3.1020,0.2594,0.6573,1.8319,0.4138,0.2540,1.1484,0.8204
0.9951,0.9975,3.5191,0.6700,2.4333,0.5742,0.4040,3.7937,0.2538,0.7252,1.8753,0.4545,0.3213,1.2058,0.7342
1.0651,1.0418,4.4805,0.7915,2.1002,0.7073,0.4619,3.3571,0.2629,0.7170,1.9641,0.4172,0.2558,1.1794,0.7872
0.9801,0.9910,3.7952,0.6510,1.9605,0.6925,0.4012,3.1134,0.2871,0.6897,1.7773,0.4882,0.2886,1.1293,0.8594
1.0562,1.0331,3.8437,0.7144,2.1847,0.7807,0.4327,3.4115,0.3277,0.7288,1.8790,0.5642,0.2961,1.1648,0.8142
1.0887,1.0414,4.1645,0.7814,1.9625,0.5348,0.4797,3.0297,0.2064,0.7373,1.8539,0.3317,0.2733,1.1531,0.8526
1.0027,1.0014,2.8909,0.5921,3.1284,0.3645,0.3742,4.6408,0.1873,0.7669,1.8003,0.3844,0.3935,1.2119,0.6569
0.9637,0.9827,3.1075,0.6276,3.0900,0.3989,0.3817,4.7139,0.1925,0.7496,1.8803,0.3707,0.3680,1.2543,0.6125
0.9809,0.9895,4.1113,0.7179,2.0122,0.8394,0.4260,3.2496,0.3262,0.7011,1.9082,0.5323,0.2754,1.1941,0.8023
1.0367,1.0219,3.5566,0.6494,2.0912,0.6878,0.4080,3.2267,0.3049,0.7204,1.7692,0.5462,0.3126,1.1220,0.8753
1.0021,1.0031,4.2707,0.7250,1.9679,0.8174,0.4302,3.1819,0.3105,0.6923,1.8866,0.4991,0.2621,1.1631,0.8194
1.3800,1.2193,4.2086,0.7593,1.8830,0.7794,0.4976,2.7671,0.3318,0.7643,1.7137,0.5768,0.2669,0.9564,1.1256
